52109
40524
10899
60487
38506
13735
1565
32216
47361
38678
66524
64715
30181
29928
38639
21025
51000
33051
58605
22448
21569
64786
43173
33612
6412
52759
51675
62100
56369
35287
54640
23877
49900
30950
29945
63818
13163
26979
17141
65309
50693
69062
60015
67023
13470
55035
19997
18796
13843
66858
8883
50623
44882
48949
34114
16533
39279
5779
40674
30831
45718
6216
25513
27134
2726
18626
23309
44010
63743
20912
63582
603
63266
51024
63318
39609
30564
23189
61196
6604
1312
60079
1032
20599
57944
31420
44871
2886
20717
26155
35038
24892
67779
64165
58604
45511
9451
19804
61479
32402
57404
64967
54096
26066
21889
23600
29478
27065
7063
24150
19535
23489
64048
48754
57701
54957
40924
40334
66299
11863
60285
70211
42648
28024
64045
26680
33464
45445
58862
51021
31316
62915
45932
51048
65972
25097
41949
58068
6743
57008
62527
42950
6572
2545
11679
43723
52708
43814
31132
70066
69179
55420
28231
69320
23190
20607
25470
13900
40696
28174
9284
56663
46970
20263
17933
48548
68569
9006
21029
41671
21082
51082
60087
52320
47051
16659
14595
51559
26141
44843
23012
4580
69158
15146
46202
14116
42314
34829
65013
53100
29156
16848
25886
57676
15732
61077
51165
27807
25678
43120
33371
67160
57192
60437
56207
33402
54824
34363
19465
45712
5040
53716
45892
18663
33248
46398
29915
25133
68287
17606
9677
10154
16212
64913
55460
56960
44489
46051
48477
3864
19848
50879
61159
59287
47189
32691
22638
24525
52007
31047
52688
47364
19639
40814
44943
20935
47953
13499
55188
36630
11702
64805
45959
49089
38816
44895
29352
32689
44094
61991
6101
43780
61902
42507
22157
61324
4386
3465
17875
26949
48665
44969
35331
47579
23528
8510
62879
18996
33826
35011
41808
68536
24937
44029
44260
31836
24535
11656
56867
47314
28687
61762
36442
14983
48394
25846
24748
41577
16378
66567
21994
54981
43151
23725
39134
26528
22919
30348
66148
56347
39499
29641
45108
64762
49360
21765
13471
13451
43228
50350
47108
65058
30615
22741
48479
33586
28928
45344
12049
39033
33972
46636
2405
28987
19871
56405
13723
46746
33866
21462
67685
30897
17805
31897
50366
48212
40491
24570
17897
14709
49458
12477
820
66960
20977
59810
51584
15872
8620
59596
44282
41764
65342
27566
51106
37211
59080
23078
64736
28178
33480
12988
13024
36698
31150
41515
40380
38886
38652
14811
846
35842
59027
11593
2254
42021
35666
29755
38826
10115
67539
44228
10963
67730
36113
28998
2929
20896
68653
59931
14582
67978
227
62781
31969
52978
34130
6206
32880
21603
47982
15831
61197
26821
23712
28961
18087
46337
30046
56290
55714
33676
2059
20939
41817
12924
28050
25313
11223
60784
48473
28196
49027
60341
59319
10783
891
64852
44406
17577
26810
25481
41378
47517
3155
26416
4608
49895
14746
40405
20600
50751
21155
66042
66014
57167
23269
64822
38823
38520
19916
60712
50784
7527
33123
55706
60348
53114
60654
57610
42421
27484
22485
4309
29575
36075
59698
50638
7175
3964
1996
64225
37356
35341
33187
30342
49909
64175
61737
45615
7207
36422
20908
56600
32409
41571
48054
43286
41188
44546
41482
24747
53455
23580
44963
23840
23352
27053
40236
65183
44211
46451
34774
29467
18812
15826
49300
65420
3967
12724
46841
61189
52180
42660
57750
58827
38755
53665
56050
51579
45149
63917
26436
14064
8553
36775
17461
64730
32606
25729
743
42820
37800
59727
42346
20923
29159
52624
41886
66240
70253
45754
41610
48253
51527
1940
41952
28940
44324
64934
38286
25474
64232
53865
27720
27540
24725
23926
52818
45905
29295
69002
32713
31453
64857
34891
59285
39488
13216
66345
45581
36310
23636
63629
45121
60281
64312
57711
51142
28723
15711
43304
6985
27452
49687
57892
10157
38757
52680
30141
55267
54003
38519
60652
56647
65487
53578
49829
28245
15183
43091
57699
44106
30392
49911
38267
40198
45910
4641
50347
41309
15389
50307
35439
3963
53017
2912
56334
66078
53935
23516
33473
60935
58185
43931
51884
8549
61282
39935
12589
23602
39136
26590
61769
50837
49910
44813
32752
46542
27736
28309
27174
64855
58826
26909
65952
32788
61013
61373
29076
50716
33447
29168
66724
62331
44036
47017
35303
30782
15640
8192
28649
65231
30845
65556
20266
14843
17885
10390
29403
47437
52589
68763
30294
50617
42618
30119
31561
31638
59623
23992
40599
47755
6313
62055
23714
25040
29228
65326
63977
64851
63686
62909
47547
6457
56723
61312
23936
23325
4681
20133
32266
50585
20927
29270
55654
22486
7262
57341
51309
55253
37375
63702
46896
38961
28859
30801
18924
12323
44133
66090
33057
13901
33083
16911
31650
23363
24430
37163
14935
52988
13357
32202
31713
48498
48307
65358
60233
37354
35472
29023
26244
57675
9549
8905
64858
38544
55515
24555
39616
21488
69358
17997
54759
16289
53437
29293
15081
28140
25754
19479
63319
69019
22198
32920
55666
47102
23357
65176
22778
31048
24938
20557
29386
64089
40073
19176
35607
7240
64649
60463
26059
25658
21534
14986
69701
39181
22802
15756
40815
50380
45442
4273
27705
31254
53022
63097
17074
13478
41760
36926
68172
1437
63982
50767
58652
52362
29548
54921
26637
43372
25499
53697
68018
24941
11627
19366
11172
49839
64130
18243
66591
33470
26273
10322
6620
1118
61931
48863
15327
46239
6306
40490
11110
3711
8910
70134
25923
20569
21827
20756
12499
21365
63445
56231
27599
17355
37309
49682
16144
55368
67242
21468
23260
19577
40061
65384
68052
48038
35462
20681
20651
9441
22830
43105
52107
25753
24463
42865
23720
47624
59790
18725
38010
23284
22627
47106
60647
18614
60091
64493
23036
5204
21900
53896
29002
26430
1678
67016
64784
25318
60153
53121
37682
26639
20034
56416
64984
63039
60888
37158
39184
7532
43023
20371
62273
51444
33122
42403
36679
27434
28490
59408
18311
34207
44506
22561
8405
29433
46585
1723
63422
60154
53513
47486
41507
44525
48972
51509
50961
48252
21833
38193
61396
28796
43943
43213
36178
42178
52542
32794
951
60191
34463
23768
13349
64975
52486
67349
52456
33323
27316
15173
67509
16428
55124
23902
40520
50458
25370
33831
61977
65080
56463
31017
65932
65581
62003
49919
43591
68566
17714
31458
11330
48572
43153
37349
41433
62819
60131
48544
20764
18525
66139
64400
17840
58707
45700
45697
32252
35353
60155
25353
25432
11078
67142
45440
33742
57407
44526
64829
22813
49684
47086
8455
18475
33255
55599
42927
15707
58934
43214
56066
32839
65674
50422
33674
42097
66340
8619
35947
544
57057
59244
57253
27515
68657
53165
51123
48935
32957
17076
2395
59540
47480
62826
41759
23239
26147
17801
11978
18413
38138
65002
5383
61777
56936
60065
48723
50010
41516
23830
65217
23096
6270
12864
49149
70082
27780
13396
16039
37231
69976
62465
8489
52926
50762
58110
66402
50489
13399
3966
38036
38534
29644
61752
47987
14886
18287
34299
33266
55187
59097
31245
60295
36443
62871
55747
12101
66370
37866
55322
8496
51174
18692
18046
68006
55085
27079
29106
27639
37429
24527
33376
9146
60359
45133
67684
25127
20201
25037
26974
6991
47580
3122
54111
56708
29453
66262
63462
43104
31068
56291
62362
50553
50743
55278
14605
43383
3655
55584
44605
50244
49884
21953
48242
49730
54562
61086
32372
52281
9434
23480
48320
32954
35437
23136
14159
45088
45563
9932
58151
45733
17282
56123
37224
45040
48034
33088
24620
12778
57054
39462
23162
44883
61316
64228
5059
53019
61127
60640
30292
53409
12717
49702
15748
64684
24511
54774
38535
7992
46166
21705
40123
57378
51465
33491
62815
25546
161
49104
22504
51751
40798
22692
26574
56395
6213
66108
60181
42726
16686
40242
5805
64659
49637
48154
13373
31288
56693
30554
15289
13137
69935
60739
57063
49612
12780
63359
48633
13827
40615
22798
48691
60227
45916
68581
46985
60589
60108
47588
20460
18611
35282
21947
53625
58913
17893
44349
28505
65178
58955
4677
31419
15265
8472
67838
48328
32151
52075
3610
46828
49132
40385
46654
64911
60016
23876
9517
44388
22737
36154
25008
41147
33548
32270
47192
39717
64807
25719
65303
31038
47411
29526
41655
18312
58751
5186
1208
9156
6717
43354
60690
44518
33082
45941
19700
18280
54176
32001
51462
33398
26171
48938
28909
17821
19720
29209
46600
24971
20916
34374
53944
68629
63308
6854
41020
25825
34918
36195
60440
24964
64168
47643
46816
62705
23988
54967
39228
70239
41281
22355
44578
32590
10048
58381
42033
27162
49733
41148
40119
25434
7043
11777
42370
28942
31088
42380
62813
38438
12492
16363
43700
52972
27310
43416
61955
30867
30276
26999
25784
22324
31302
25024
30509
45499
1708
33257
65122
36179
50587
34911
24608
25442
59952
36795
49281
21829
50563
43579
38767
40331
52441
21038
31658
64849
55300
37686
36391
28351
639
64764
14170
10117
43088
27992
52737
62996
23776
4292
45609
31323
22645
62758
41376
62004
33136
50161
25778
24668
51175
27432
38930
31379
47661
27513
65281
30536
47115
36499
55899
58037
52576
65851
56776
32797
69749
23747
38567
64288
13906
43077
63828
57056
35088
30852
26378
65195
44737
26099
29323
20563
64392
66011
40428
36285
23355
40077
40833
14642
68129
275
29446
61497
34478
64654
30352
2941
50175
56991
49489
25604
42081
32896
338
62474
59792
40870
67487
20005
15583
50241
9386
42426
23887
30258
36785
65386
63552
65894
47826
31829
432
26251
27429
65402
33593
42353
57481
26446
2282
51943
26508
45433
20561
1726
41988
64753
20665
25189
34279
50580
42333
42661
5226
65272
3716
23813
47762
24435
61413
48002
41298
56449
11153
35790
22571
53594
70301
50687
25263
57436
20243
58870
65575
47823
23400
49835
59708
12611
46668
38996
22518
34929
34733
23122
23843
66060
48879
47922
60790
21470
32150
56203
52649
65293
61078
49745
42474
21634
50707
36090
17296
33182
56497
52678
32175
51014
10084
16891
2302
15557
54281
56903
43044
60086
56530
52761
47536
43287
20722
40764
34261
57868
32085
33305
29121
47232
63206
13215
57466
2624
46858
12740
18196
35754
7248
19545
64028
25519
7928
50248
62071
17262
36477
7152
8408
62256
40035
63968
62971
44717
54298
69252
15921
49967
64107
48171
16962
67679
58556
19877
12787
44350
16429
12240
6587
67777
64865
40597
64313
25135
41562
59967
28259
57094
52593
65460
14272
8393
825
18491
56002
40187
12646
36081
15160
29705
9334
58998
30530
37342
29043
54113
24214
5550
24274
42762
17987
13859
59220
63903
53930
53315
11575
17546
40610
31590
42326
53472
34094
33359
69945
12920
64183
66854
10236
40479
52363
32798
28933
53990
64907
30183
20617
26819
34364
31893
24931
58015
68770
2936
49923
35552
68755
53577
24413
59501
55609
46662
65388
24483
25224
65427
45288
22786
37576
37088
42627
54083
40644
39186
11003
69087
30841
4556
55808
55261
59275
43414
33294
57995
66971
63960
32160
29097
18431
38568
25585
48268
46789
27500
45919
42889
25215
65441
55558
17561
49343
65045
30055
64490
26466
36820
19236
64714
3353
44931
14748
23886
6024
38239
53948
44589
42082
10125
31126
50833
23187
35358
22696
729
63478
22195
39701
52316
56769
35804
34435
49012
32114
6263
10544
31226
28780
8687
61381
36946
25984
38977
59366
23433
64072
32737
25013
26670
45970
36423
16731
4554
61268
30578
42302
44702
53328
6382
29288
39818
6316
12071
41837
65133
50943
59811
29053
37486
50811
41891
62285
35099
22538
53817
9267
50122
61942
24799
6912
10974
35990
14363
57628
66819
59346
55782
29149
50919
46599
7723
27686
11367
63738
62850
17302
47557
54435
53006
51005
22772
49235
41978
25522
2329
64427
34030
24049
59122
30349
63106
19078
44226
37491
33846
17193
64471
111
727
21034
67105
33811
45282
65915
58001
31428
40519
26640
44454
475
52432
55699
68343
55600
59134
20022
9178
48616
29917
43271
44443
48549
41635
65589
54468
51605
52226
25914
16846
45786
33327
30779
30639
15626
64697
20898
48031
29877
50944
19403
55120
16140
42932
44603
6631
20499
33587
51672
58270
38491
68072
18017
47785
23424
35690
28820
15172
42963
34946
28370
51556
53721
34123
4009
20706
31791
2214
25162
30162
27047
54061
64638
47745
57560
46728
25260
5873
22789
51575
26534
19471
46522
66796
15272
47720
26004
3729
65569
67261
62450
44430
63248
30570
11009
63352
32889
6473
4382
66067
45335
24816
37041
59687
30596
22991
29154
9158
62246
38531
37258
11423
26449
67090
65201
38861
22080
55065
66989
35744
26069
25460
55239
64163
37105
38536
37455
62258
48706
21622
6385
30426
28007
41861
52784
65137
38866
48740
58059
50030
27412
6493
3792
37823
30249
27018
40769
2318
45586
45903
49568
64004
50703
29118
545
42920
25043
21044
43233
6420
28253
32287
4516
32793
54351
48357
44352
59744
59185
29815
33592
4487
48736
36971
60492
64879
59412
55073
59572
54331
42817
64932
62313
30549
28477
64299
38824
25332
30391
788
38454
45164
12677
20148
38749
38116
51353
36833
61230
37930
22156
15063
2060
58968
65964
65425
50232
62416
45162
7129
61397
49214
62933
48533
7044
26778
41263
67204
51999
38616
42254
63524
32425
16895
48410
42186
37948
8083
55103
23203
16386
27427
64854
28103
5781
64864
28469
59144
14518
5315
64496
60377
35113
24719
57669
13461
33517
52961
45711
3092
1426
47822
18711
55692
31962
42607
38098
63579
19290
15292
13168
25661
21464
41781
7389
13247
49432
45247
35936
46846
45788
4431
32568
31183
53868
24801
32045
57655
9423
46213
64678
9768
19048
63185
34167
38330
48270
21513
13724
31614
57573
24518
69127
42478
35741
57725
46325
53685
64682
61215
36646
13406
53529
65646
57867
12679
14962
35018
35533
11155
47415
358
45739
594
69851
63604
2520
27025
62363
20993
57554
35408
32700
44634
67025
59764
10225
47105
27028
46571
26181
43284
41261
25791
55335
13568
40933
8108
17214
21761
24420
14353
16487
44627
27953
63985
42739
28257
25393
56799
45578
21584
24485
8529
8227
30232
2165
41142
4559
50239
36662
17884
62828
48462
58144
64647
14703
2861
37684
32637
34253
12082
47736
30524
57659
22029
64111
22954
26764
31181
48220
45134
46920
430
54198
63714
60885
25209
18022
1290
65992
19599
44459
45668
51384
46037
43751
37996
56920
66135
49358
48876
28494
57722
28271
42567
10113
28884
9763
28895
59699
8145
45441
7236
32077
59541
54124
3710
63411
63557
51009
39883
55325
49558
38325
32117
22101
21107
48349
61404
65317
46330
35830
23265
65884
15645
50706
59152
49653
42869
30877
61586
50901
27648
33267
54889
37111
44928
53821
45030
10241
18203
25676
22517
66903
31491
25041
42434
23129
6722
62431
58048
57796
45031
23231
26707
18517
45281
29341
24998
34648
65208
24903
57665
20604
18532
17632
59521
16688
21140
44649
35961
2127
41229
53922
9972
59279
49584
63571
55096
54543
44748
26254
55986
15210
10451
2563
53430
19103
11014
54082
50251
57572
55564
61778
24033
18193
62099
30318
70300
51294
65969
23094
1458
27399
56469
4500
49854
33302
21197
60120
36993
6397
16417
26369
20675
55498
60207
44985
22633
20975
36885
25699
23196
49769
49087
49059
48211
31669
64213
25257
23574
19038
59038
1844
44180
37859
45248
133
99
50973
39393
67882
17287
60336
49399
43905
48621
51957
55125
3789
9700
22547
52398
46609
30109
23684
28528
57442
49380
26426
27529
60220
22505
45523
39068
23351
20267
56209
53872
28938
30990
30377
23743
25051
55233
12585
50000
54334
52300
25350
47746
25085
64449
39601
30981
30553
22260
58033
29458
40725
12799
9995
45324
30268
57859
26231
8287
40609
45297
1419
45566
29537
64775
39297
62409
38355
14300
4977
60642
62970
6207
34633
41974
25703
43661
10484
21027
29910
33789
67863
56937
53976
9478
25669
15221
40940
54182
22552
34986
23328
37199
7921
63697
22212
9027
51768
39595
45740
51877
52275
1958
61457
18129
54053
67421
59033
55715
23847
24374
62508
25561
36091
49041
42708
19603
18806
3026
55275
33324
32083
4260
60235
51667
60671
48806
45435
9189
14737
67822
27629
57897
30446
15323
40015
33249
69272
48339
45064
33333
48345
305
28726
6699
19169
62043
65101
48780
35187
65331
3566
65330
61131
24202
59400
54584
51126
1120
60350
37055
24443
39558
31456
51015
64982
42515
32032
27128
26480
65075
12185
35402
15958
4081
65275
60074
33611
10812
58997
63350
34002
66869
53769
43887
63083
60193
36934
59945
37864
56349
35729
26102
36438
34465
41697
62214
60920
30368
25731
19359
50619
56512
61852
30041
49484
15582
42375
65364
6164
50562
49070
36384
40480
36387
63883
57806
23092
20725
68236
28630
34232
26729
50671
5617
577
45914
54200
12086
32961
48897
65977
7144
7606
23388
36186
69530
11828
18468
38598
4880
65761
27099
7521
63382
13131
31165
23510
23104
49644
65265
27491
52631
39906
23512
61640
29465
63208
31834
28689
26113
5778
42848
48024
58677
23744
20714
17101
43557
43328
70214
53206
63260
48251
43094
29885
56845
47182
65254
33068
65316
46540
56607
27852
40477
36249
48977
26842
24968
14581
32870
15684
36516
52487
44785
23791
49697
63345
52322
62498
66043
10149
5551
28922
36236
28860
18293
39512
26417
57749
40841
57146
40357
25113
68512
21858
52925
45430
37794
24364
7291
45210
59131
52366
21305
39942
64076
29273
7772
59016
56650
54103
44775
13562
54305
45161
13611
57644
48310
42058
61240
27428
47165
26296
19736
16894
58109
9511
66632
37606
39407
896
69304
62248
41758
32132
43823
56467
46897
42630
56249
56151
64631
51079
16632
26491
59567
43606
26539
26367
26361
51676
23931
13202
21295
56624
25823
22269
7583
57113
40670
50496
9499
59137
67113
29236
31376
14406
36831
32147
30661
17378
51349
13119
61831
16914
41830
56623
64071
24930
15261
65454
26269
66914
62513
60249
1435
10242
42303
64481
4285
13268
42011
49449
18805
17883
48424
6341
5231
18409
13514
41947
22744
65167
36323
20012
55925
33081
39487
64371
25216
40606
38569
61509
26582
55640
48411
32451
66109
44287
50135
55504
48514
2229
67959
62733
40209
65079
52238
54104
11135
48813
42967
53874
4959
68008
43638
65566
45322
41149
32666
59465
37914
19642
318
37087
25326
22167
65740
284
47973
51463
19631
55810
37474
65395
41316
64893
65054
24088
12137
51007
58174
53805
56694
868
66156
35067
25692
53509
55642
15592
33874
28675
26566
36608
22111
15212
31584
67982
2368
40254
21991
28115
34640
22837
50982
27100
30009
60457
19272
52130
23982
25573
45561
52966
24505
55571
54959
55114
56194
13665
52101
62499
61217
51307
17337
65088
36506
32466
50942
22467
18825
63855
23216
50152
27363
17999
14508
3312
25747
28175
59218
60282
27741
29664
50786
41196
38160
6209
58113
52835
40295
49447
56476
52240
5795
590
59418
39001
1612
62606
44298
18895
64703
63336
4558
6805
42858
31633
18918
47927
58377
67458
63612
66571
59543
65312
38019
49890
30006
66253
27674
47571
41590
4561
24948
64402
41546
44624
39153
58947
33404
41576
51284
50447
52177
48586
46851
32213
9849
52666
58168
40808
37417
62928
59526
52953
64585
13395
25435
17024
56940
32796
52373
7131
27666
1230
35361
63590
32738
7066
52851
38497
14387
19319
35182
32853
24932
22780
16358
27834
45880
21543
60907
45428
35939
25217
27719
42975
25204
2352
44157
31336
35228
36763
23738
25830
27762
29552
18147
41305
55594
51006
65893
31386
62070
57954
56633
56562
40412
36395
20094
3740
25426
25110
23139
13094
67790
58067
47908
47724
42264
61440
66197
25702
41789
26522
38415
21004
7261
55972
7199
65473
39456
27239
837
48412
40072
22406
17324
11358
61049
37979
54221
43544
68949
46562
46474
30027
28544
8744
66052
32039
59037
12958
6576
35410
24293
10852
42017
41146
31332
2536
50167
61771
32559
21001
24292
59075
44836
20699
33256
49275
65149
43507
34928
48490
48545
57540
41452
48961
29199
36389
66153
26629
32427
65919
66326
63136
42962
30086
65502
31610
28113
32485
65835
59939
47004
43124
10567
28943
9370
67293
59953
29101
21787
45218
26982
25180
29976
65912
26063
12721
24428
9551
34752
45346
3733
67087
3635
45600
52728
12703
43596
46497
66188
55691
32685
34904
56868
7366
49212
48390
31828
59389
44419
37296
57656
56192
33626
10000
50925
47194
32539
23462
55352
31035
61758
50297
34869
62617
51666
42988
59983
31991
44661
17456
10828
17031
52868
49898
3953
47881
24737
64912
59040
47919
1768
64378
32476
11454
65241
27042
50127
23788
10857
60371
69159
41088
62588
17962
22872
30014
39274
47422
18199
831
60563
60036
61550
34133
42753
64322
65551
62689
40645
21716
21218
61258
33242
59503
48543
11927
1605
49761
29025
14277
14322
51539
68472
51975
38040
59915
23003
14259
52317
37270
65344
49421
46500
27494
65599
23604
50449
56974
65844
44629
59700
35927
35382
66392
59748
50821
53707
61528
46977
37754
11183
66104
13344
39073
3965
3615
57649
24559
16562
42419
47066
6606
33025
48864
65021
45191
54447
11892
33877
42165
17356
6175
55379
69285
15225
48340
61245
64120
61642
37610
16167
29925
61652
38296
29604
33916
20847
16434
24258
68555
56643
23520
38516
68586
64656
48656
45529
45438
64552
26270
35813
44444
14354
35465
47660
36382
48049
52588
24438
65887
23650
66829
22957
16096
40011
53450
54084
52578
9957
20688
49084
59820
63967
8263
7504
31311
28161
24301
61386
57403
4056
975
55968
22179
22727
48495
28889
53060
56805
42688
8030
27997
69326
25793
11355
67085
27812
32941
24582
25082
11415
21637
48687
45035
23494
32271
69744
47943
30412
33565
50928
10407
40312
38381
63213
7538
19394
16470
15551
30678
8618
196
55056
35636
68615
64333
29836
32709
20177
55958
62510
13237
53780
21678
11645
32790
41705
48205
6756
65255
32436
27847
8815
53295
12987
52594
32646
42477
28212
43991
27863
19589
57394
23440
8548
35164
25935
17852
15948
51996
43037
26061
17920
69392
47795
33252
32382
49952
1294
64856
17375
59284
54225
37946
64843
49287
60715
66260
20214
12678
51861
30622
47633
9744
63250
38756
42960
25610
45097
22425
57871
62743
2618
59468
45479
16944
39074
37880
33644
65780
26017
42704
64739
58089
14025
67322
47910
53862
22856
63578
64383
6443
31907
33326
32018
21969
7601
39784
10876
55265
52682
57766
63554
29476
66800
27352
15135
16242
32116
28698
68273
27501
41168
21375
65207
61237
15812
55459
56842
52415
45446
40785
32869
34096
50057
14593
28226
24357
69791
38366
61365
37464
49230
45744
41392
65165
30384
14012
6188
23486
66032
14271
59861
49830
26487
54898
62602
11152
864
46133
32848
50256
37074
50856
22258
22646
55100
57254
41569
36558
9163
46000
25768
3706
48914
28382
65426
55605
54194
65071
19469
54353
63592
10519
2377
26573
69680
57095
54990
22869
40984
40250
13531
42945
25819
2157
49721
543
15375
61956
59577
64230
31623
14941
38931
2135
1271
61179
45803
16281
2722
30450
19803
7991
29946
70002
3987
47104
53096
64878
32050
23634
20763
40459
35593
23760
16714
38502
33307
34775
63591
56141
23930
28611
7759
33743
62180
50566
58859
50284
60369
36786
35530
45810
38820
24504
30167
14326
17071
8934
31628
7162
26084
38226
56634
40423
33739
59427
13427
60870
60675
2255
25718
51537
3812
60271
45104
18440
62213
35273
26259
50655
10121
67134
24543
42552
23195
3161
47867
29985
41251
27696
65431
60999
2388
39889
50238
23951
19660
4164
48763
33261
31767
61763
38829
37178
19970
63935
60396
60365
38543
55652
25800
44796
17823
52042
37842
62554
58007
19322
50862
20412
68122
33223
68857
62576
8049
1688
51108
61622
31740
32044
37259
20171
47776
47698
56365
37285
47593
67591
38573
66955
435
23408
57568
13353
38510
56422
36062
37616
29472
70294
64083
50769
23179
17066
62457
51155
30623
51662
52505
43035
49197
32171
30079
3668
16247
33173
44204
47514
63282
52474
33167
42312
51168
41102
7148
47902
49770
54625
45199
13095
61280
26792
34375
41131
7903
53043
49103
47113
50699
24241
53210
48039
44599
18638
52484
65346
50781
24599
35357
62020
45425
43253
32386
43357
60905
47820
63364
20129
27249
11490
67946
55319
8120
57876
52501
67935
27037
22921
64334
12702
27170
17908
53201
42606
39296
17510
52573
25335
33169
27602
67910
58555
48022
56889
1211
68029
44308
59031
45462
9774
5861
52653
70342
26498
30321
16683
66268
41444
22541
65444
29948
26366
32766
30707
26248
55996
64550
33583
28661
24676
30300
12397
64310
3238
45644
8039
33871
21502
64229
2704
50614
48878
38818
38777
30898
31148
65942
52401
28491
20238
24390
28839
29547
36503
36336
40114
6562
25635
67365
54859
47520
62997
9876
63854
34377
8476
21039
44498
16326
60186
32960
24194
20363
57141
54156
41344
31470
45638
43911
38766
44490
44062
23910
21964
26616
20913
33175
7642
55059
6516
16370
38915
28208
631
1262
52095
68369
50299
50236
61825
46210
43580
61056
65156
61018
35452
64661
57275
47730
53823
44600
32747
28849
8416
24925
65335
65917
46900
40112
3099
63122
35985
25114
40504
26076
7672
35230
22477
66
61747
6328
41282
39863
8790
53310
21591
38020
61030
40338
28447
26976
39467
64587
66182
49774
2853
48627
24815
35464
43752
21527
25815
45721
66038
59177
14815
35780
45379
4035
12002
47601
30273
674
43655
59534
30375
29117
18318
42635
49211
63941
733
277
25244
33047
5864
9727
45887
38446
35979
16439
48599
16588
31716
37380
39307
44227
3072
52319
47906
33624
31327
53021
48279
37510
40036
646
27168
45528
47015
51264
49414
59944
20826
4098
30355
44066
31216
50121
13020
63059
31683
52733
64645
38670
58851
51053
34162
41402
38149
56777
37925
42853
31366
27614
26814
25404
66020
24475
45105
39869
65264
64860
17507
59014
38584
58053
51685
39416
36967
40592
38308
58126
52041
64386
68959
52038
35449
55922
14513
11644
22399
24486
27104
66671
54895
24924
56491
30284
66091
3372
28409
48664
26705
35953
3887
57024
65011
35424
54307
49060
65180
32089
27138
7557
60601
16547
47497
43467
69278
46237
22008
62347
53317
64377
25579
57592
13530
57710
55242
8245
29431
57191
50929
40662
875
65193
57888
42904
20109
48459
56168
27182
47754
60761
57400
13364
49668
22562
17164
50120
2156
26871
47550
24895
11393
28141
53913
59762
66818
36514
47704
31141
7045
44334
28830
16910
32654
9558
28981
65184
40260
49524
61482
5765
64315
70348
35757
62852
6126
20827
60006
7499
42707
43351
64373
43358
41899
34696
37273
69568
63012
55393
29383
10604
24910
40285
12722
45429
62497
24664
47130
24738
62762
21361
37365
30252
59294
22511
48190
1868
36394
65169
35143
56880
34143
60393
28680
37785
21655
29009
59528
26914
38880
39002
23441
54309
48435
44073
16234
19758
60311
44314
30081
28512
28022
35791
16188
47632
22026
48833
49222
35872
38589
65791
59782
62430
11120
8377
59992
67029
16215
46042
51561
64191
44061
14669
18068
9114
6987
8683
36762
17256
36838
39761
31000
61703
23713
28221
46898
69962
21840
53067
38463
14141
40536
38963
420
26321
33225
64357
17271
35077
20418
8925
48351
29753
61341
52960
34781
17099
61306
17517
26558
21329
25463
58387
24494
66211
53177
45933
24940
66179
9591
60010
56848
24247
26230
60879
29441
60059
20057
26334
44913
49276
68229
20859
19563
37168
23290
22812
70387
36083
61514
50337
67709
11801
57077
58022
41283
57833
42996
63598
46216
51096
28182
5910
61475
12568
48501
57033
41260
47099
32617
65804
38864
28019
23299
47938
23232
4592
18647
67434
51128
40434
37896
55314
3425
37541
46212
27002
22637
32607
17320
27654
40431
31947
17068
39827
13397
31423
30613
42026
58942
35423
56806
56474
54112
46521
1352
22455
60064
11310
53729
49120
23888
8809
63080
40587
17695
47402
12550
69670
37571
70271
50159
44249
70180
61911
3089
3990
50484
19649
59139
52989
43836
30713
67961
46062
5288
49168
21865
32947
4956
43961
30890
26683
51549
62814
60871
371
13158
40384
33038
61620
44124
43889
64688
35749
34838
34292
36519
4503
48592
14021
1095
59769
24146
15866
37855
16708
32809
17094
63970
27323
35219
44336
40379
39926
1436
51178
36578
33892
53240
45527
45244
56857
5133
62456
61256
30542
37843
2938
51365
67940
3644
64276
52719
44222
55901
24016
30224
31992
64978
26874
21939
50662
32500
22293
34926
35561
13385
1789
58948
30103
45756
66937
15972
45630
60519
43128
27502
27560
68639
19084
54153
65181
57829
20960
16222
39779
65380
65261
60868
44398
62467
54763
46548
32180
55227
51117
65611
47251
33813
42406
23854
48974
21742
29767
36674
2232
53511
34801
49085
7590
51631
20813
19098
27732
26631
47236
30983
13071
57562
49040
22963
11398
60503
21024
61378
36331
22693
18359
69286
22866
59544
46416
7321
38849
26103
20579
49566
20707
11154
59823
55644
61286
17853
23912
46263
32290
23804
69998
27603
23953
20584
145
14436
54181
37410
21436
12750
26671
37298
40270
32119
51122
26598
46979
21311
26314
56282
63547
48883
33522
59594
53978
36183
40598
27035
55606
49280
47475
11793
26880
67208
29779
31135
15975
19567
62327
48774
11578
28516
38131
9022
16324
3804
15680
19614
5855
48460
7205
935
55967
119
60398
23832
4593
44414
45741
67584
49122
24210
57846
22205
6537
64065
61940
53415
9557
37583
12845
675
24252
32800
52544
31798
7660
32103
47764
10238
17075
60389
36575
1347
63559
27483
51277
46094
47939
23452
50941
8406
37180
39972
22938
25818
46493
24970
51452
65039
55608
52721
45362
29336
67565
50339
37599
313
48550
32820
23576
21608
57636
36349
9019
3642
48571
55781
13929
32917
9005
46234
61884
63264
61552
40652
42605
11558
36574
24021
20164
29321
8655
3322
10606
31191
35697
52485
33279
25744
30444
17264
61070
33936
68058
38003
44333
49958
65087
38133
66482
404
33347
23210
12738
18791
46608
1561
44676
41336
27127
42260
29748
57922
38282
24188
26020
61837
1697
26956
7926
42019
59480
29088
24042
51020
52074
42117
36524
35166
7305
61908
39391
33309
50567
36653
60435
63562
38832
12910
44024
69773
5736
64174
26628
25356
65828
23617
1543
38477
45131
45203
6410
2945
65494
55994
34901
3995
3756
44557
50527
53919
63261
24147
54918
17830
25191
47742
28783
21654
10003
47721
490
48591
42448
32438
69703
23023
52706
11562
23009
32105
64468
43100
33154
41151
38173
65571
19107
24904
32452
27675
23518
20811
18901
45917
46327
60410
38289
52857
63148
11780
32808
20720
52858
38617
49220
52204
20261
64662
56232
27476
3633
33319
55119
53875
30860
23564
22663
21535
32450
27831
17958
11563
59547
56097
25959
45381
28766
31635
13950
33599
55286
17688
6660
24926
62323
61319
43187
51558
46588
44951
45114
33812
29792
60133
54430
39463
44354
64846
54081
50074
37742
478
32948
28460
50622
44738
46049
42427
68130
698
69730
34416
23326
13458
63470
59877
54146
61453
22841
60126
65334
38056
65567
65610
13116
43560
16164
18889
68455
23173
36137
26111
19536
64499
42868
36918
23356
69964
48772
39475
60127
63932
36361
22304
49576
40736
56077
44360
60489
1705
64777
3479
56664
24913
64850
60293
35510
23015
42409
41860
24003
11122
23188
2248
20491
7296
52574
31603
27122
65875
33976
24897
2245
5857
17739
55122
49175
62612
57941
54411
25605
48500
64374
24130
42757
48478
56306
20648
59009
16626
25627
20286
19807
12478
29610
48793
29143
1838
1255
25788
31651
61822
39940
25275
3755
17573
49947
51874
12972
31450
64692
54577
47657
14898
29519
15330
11742
35881
27559
32392
5416
32053
28368
40038
48693
19164
7969
47686
42615
10858
54154
42825
60488
5230
45795
52675
50345
58121
67594
57988
63929
64066
38065
25336
62421
24433
8379
419
26346
69980
51095
51202
26661
29782
44982
59184
44793
10133
64308
65283
58087
39987
4828
47538
45728
40544
31049
30270
21568
20781
42601
50611
29800
18449
47423
52439
55179
42979
25284
4606
14391
21887
41580
52108
63255
45386
64722
25328
41558
40178
35897
21537
34536
64863
64745
60771
66825
63446
41074
8071
33692
24425
12264
28529
22657
69821
20838
66151
585
65549
48446
4032
44601
19739
23253
10006
48389
42396
55477
49859
42882
59771
18727
51176
22804
45926
65067
15097
42955
49894
4104
2206
50385
14215
36751
36146
51166
30689
69391
44196
15408
24722
36579
3482
9077
20007
21709
17792
46590
8878
15136
43858
36691
58023
49377
58076
38281
37181
62757
63513
51492
52272
45962
30451
20470
18450
64448
35930
14657
38474
27193
46449
50082
2529
26455
24444
64437
31045
14531
54661
59803
21931
64561
69160
1450
43468
23399
23967
24096
21007
69729
63331
28624
48982
58021
23659
33370
67925
22236
12247
28876
27097
13708
59313
7745
40836
54122
67209
47082
20346
22009
21611
22230
18769
44576
18465
43896
58005
997
8541
44502
28930
26741
37582
65345
11545
50002
18488
27330
53639
24743
67992
28015
33461
65748
52967
40449
63086
25801
53763
23996
22160
15869
39164
757
27903
29829
18953
18300
51885
69745
52732
6038
21864
5245
2346
50039
48271
40432
47313
30164
7531
45044
37240
67290
15740
24846
58647
60827
43624
9281
39782
64465
47382
57877
47662
62853
22589
64260
51099
46924
18114
45413
5366
57607
17601
57992
17233
34842
48122
38973
64853
36835
62417
22796
22759
25246
21910
13230
27447
54056
63607
63344
12775
65304
62769
21293
22679
49232
23361
13560
65564
45596
55503
25049
19538
52231
41319
29954
38017
18810
15704
137
40832
22857
57336
63131
42022
64103
44466
25872
25765
64947
48263
6946
65269
28955
19165
64193
34033
211
50187
8630
1188
30783
23711
64479
8765
45221
13528
23389
31158
923
53673
159
13533
9550
2828
51203
12158
63440
64812
45695
54183
60349
32294
50747
48854
42345
64047
48146
65416
50423
56158
54208
68026
12437
288
57647
27469
24946
11790
28359
29796
60889
25270
21682
34219
27007
13217
22998
27351
44628
31812
64916
25042
41890
29926
68189
44894
10321
10122
25845
52862
5899
28936
24354
66962
52821
2434
14920
50986
64790
3068
23207
45749
28506
47725
38113
70232
26722
24516
63279
61190
30576
53825
37256
27289
6231
134
30192
6143
50452
7837
18509
64875
31648
69626
28418
11139
62269
57497
54784
3858
52949
59238
31384
36344
47451
6862
32505
49423
44853
31807
20683
18013
39254
57589
31626
23929
13132
65781
64831
39102
44005
42388
20419
53008
41443
60762
40481
34456
24466
38238
21981
32335
63753
19238
37401
28116
31680
37471
55704
23113
46023
66656
29243
56997
52645
31615
33524
68146
47647
9129
63726
40342
38871
61990
53351
68175
20971
19472
3350
39445
45235
55976
15836
45985
43528
6442
55821
39178
2257
48623
32100
57528
10627
35751
23709
31967
18824
15853
64746
4443
29189
493
12027
51288
34651
43843
40027
33208
13632
21485
9622
5152
3434
19422
67750
33032
24531
47426
65814
47916
1121
65721
16328
61547
69473
25517
52329
41082
2489
15117
29100
37651
49781
55898
37938
62848
30380
17703
28200
36826
8940
3320
61100
67859
55055
44433
22626
34815
23316
67710
58850
24291
23937
37976
65504
55331
16314
6564
64783
23073
64221
64742
25138
23706
55778
59008
7117
21906
46950
10576
55999
22033
59130
14692
15702
37051
48499
33607
58718
39161
64023
30807
51832
30637
56358
14454
23806
61706
55075
54313
60128
59341
13791
33932
42481
4108
63368
64478
19546
46430
13108
64
59327
60516
49901
67746
23855
61181
23683
60057
28176
36283
51268
22112
51422
47817
51423
63922
29788
31065
53048
70115
648
30449
47403
63337
66207
64286
53150
50322
37357
21667
66159
17839
53670
65379
49199
55359
31889
28220
51689
36686
63393
63064
61631
57685
55213
5312
51418
56834
61750
32181
63465
61304
18202
40169
15338
52962
50156
47618
35397
63356
2055
24249
55501
57890
54406
51683
49744
45636
17325
56426
40264
50149
21249
65375
26393
1969
34547
45063
36663
41874
63392
53856
22503
28064
45466
59796
50017
32109
37753
31546
15654
26644
20130
32716
16586
19732
8663
40546
43995
65392
48588
43060
27928
11591
49263
50681
29252
37818
61102
45885
39867
58459
68171
48074
33582
14600
1043
57780
51909
22054
25660
64554
23844
51546
26350
47211
4350
45468
35393
65706
25596
61234
55989
20086
67593
3059
48699
53636
40201
63400
57346
48267
3530
52318
56234
62475
66597
56070
22545
25211
8247
339
30229
54179
33714
55288
50348
25514
42202
26836
13441
62422
27214
26587
33020
27278
48401
26597
25714
48240
9450
41888
32721
57986
65271
63362
43984
42687
60132
53149
18760
41317
774
15668
41222
56487
62361
39142
48151
42307
31632
43478
46974
18146
56564
35991
21912
65363
46471
23698
29611
38974
22018
63821
51159
53804
64326
54311
62563
32635
54608
24972
11726
9567
14179
47918
33379
62048
8417
53893
23560
14146
12587
9237
25550
35128
51387
23749
24084
61555
64845
48235
23488
59186
64401
17211
25306
52720
51451
64776
59479
22738
17215
36801
52188
48940
36915
64541
57420
68342
41314
44483
54961
28471
26971
44063
64668
24650
7420
26036
10136
22515
21809
2674
33361
29592
24440
60916
43930
27012
57753
4439
27878
3988
65779
25482
64956
60456
24501
26832
25214
3791
25941
28159
21770
63980
2146
29179
27616
15902
48170
11140
15687
27210
25425
24480
65722
31875
44368
31195
47777
38368
36932
65634
15226
39180
56996
55896
19969
43464
51865
34042
65400
61290
13188
23960
68454
53808
49849
16159
13841
42761
8868
6413
52267
40084
15633
35836
63751
30080
65465
29376
5290
55083
32972
17155
35456
29668
26556
20572
16175
36502
64586
32051
45351
49737
61433
48534
43481
56055
6783
53622
41994
67965
44783
67932
38857
69357
51180
60209
39975
26233
33675
6014
23214
31405
15296
26250
31935
61291
30031
61959
25038
52939
24723
57586
65197
36584
32664
55356
63241
39603
47750
60964
23509
60659
49802
38367
15795
62307
70124
34413
8306
34802
30879
44281
31011
28848
28437
2751
30917
25602
3881
43349
37203
8031
33511
25773
32760
58726
43913
38499
4006
52207
22914
21911
49008
64252
31300
50932
11487
35065
27275
19316
29696
44210
49866
65305
44017
20173
19207
9815
51380
37894
2239
28186
49247
36755
26333
19897
7776
27725
61391
23382
64335
36147
18847
27131
61024
7244
45552
44341
61083
46230
45909
51029
38037
39162
38784
33415
193
49704
10293
34580
33288
25983
50310
41578
26353
68097
1790
24802
25835
41092
61474
35735
23026
43877
35713
30586
54235
36301
23724
6103
63135
64176
31837
26577
40442
12670
49493
16218
30609
37146
40686
39110
18455
57970
54776
26766
13685
18263
57905
2999
30705
45857
31086
50377
60550
47622
50395
65262
54693
44547
28829
60421
58687
16722
53045
5463
37765
27593
12402
39437
14992
36364
44837
25411
20982
57800
37098
23549
56386
45497
65499
57252
4878
25855
36648
53550
67706
47683
27026
62302
28696
65318
15871
60448
11143
65223
32616
29504
61741
60423
588
28613
64655
62242
53489
418
17442
11603
51160
63784
50775
64430
62662
43225
32538
36621
50648
3883
33128
66451
19636
55202
31009
65694
42408
26621
67468
54074
47709
39982
45719
469
61147
27482
45602
45547
41238
39290
36758
25247
49477
40191
29862
28686
52058
64062
45179
4242
11187
41914
62476
8203
11802
43261
7080
64527
23903
40304
63526
30208
25748
46141
32190
25420
32969
59804
57637
64608
14687
63797
61443
7502
28110
11877
39625
48629
60081
29395
7195
59980
55601
3808
44540
59281
16712
46519
15308
48404
3758
23594
41258
54768
56342
22175
13249
40948
37872
26895
62561
51413
59221
32659
24726
15242
5154
56578
26027
17864
60286
8487
54428
35139
63267
12574
61255
39888
62107
36581
47887
43761
64426
47886
364
23033
14846
40464
63792
51447
28205
27499
62709
30435
24470
62943
61221
42802
46532
18866
13930
30606
27809
41531
489
31869
37509
55194
64952
6323
59535
31448
64646
46727
19437
64190
63899
49369
41456
30447
1624
17948
61151
69334
54923
28557
11745
42159
50401
13359
44147
29921
60415
43554
17878
25654
48901
55106
54563
10058
60306
37381
11792
7993
39402
31021
47356
63182
68411
27577
64923
25980
38932
19542
35013
58989
40872
25501
21070
33260
61924
37368
64522
43500
68450
18855
5224
22797
42565
33034
33306
9920
59787
4203
46722
48945
61950
48632
2557
31028
64214
54818
35485
52306
30816
5634
45103
33092
22310
54142
55700
37399
47231
44884
28778
38052
57086
25309
2132
4636
69351
50434
63661
68118
60638
48313
65457
52330
59043
38358
561
29428
16496
54158
65998
58882
64518
20619
6168
51068
62106
61893
24061
45061
10235
37850
57823
47369
32719
6686
41598
20220
15746
28070
46867
26948
42695
63233
36821
14018
42179
48812
44648
51104
17433
17915
47936
56056
52470
50242
39095
6299
40918
67006
58136
37241
42343
30190
18406
8284
7797
35762
56410
66604
65268
35489
48407
19421
51420
22953
66872
790
57891
60226
56665
52705
37070
50512
35080
62066
27017
40858
65712
51260
8901
21799
67276
27334
21986
51370
51198
56166
50571
20524
25597
22519
50844
61279
58937
2902
42410
31655
64755
62101
37700
1447
25128
21590
37175
35395
9707
13804
27693
31591
61938
54299
31547
32756
65720
29520
63733
39086
51286
12467
43327
22442
31222
51786
66828
40329
33292
11836
17544
34118
2023
1763
60661
56959
57971
38229
44630
47309
49075
27668
69375
47464
33836
14024
39829
1610
38813
62164
38632
18798
60185
59293
65093
27699
48755
54391
66890
17929
37316
36402
46165
15976
39271
55312
55184
3509
41300
30351
70285
45300
1309
4739
50673
63533
64954
23313
47303
3510
56926
53737
32307
57506
29408
17313
69783
15275
67754
2240
13337
16371
36560
64320
54719
17738
34859
40253
26134
35172
65239
43102
41270
41293
31712
14365
36836
43946
20571
30017
64979
38665
64285
57744
52166
27636
65245
61176
60887
50918
18902
162
63721
3695
46824
23586
55567
60573
11089
36912
21629
50500
36247
22494
21085
51450
23241
11228
20329
48125
559
36668
27318
10547
50713
17639
45314
36440
57493
17501
21316
33466
51480
4985
8647
56146
50317
48423
30612
35612
30800
39018
63480
29417
36599
63716
22950
39719
65497
59246
34736
54714
56335
59464
35257
26132
37115
30176
30132
50807
32429
32550
49587
23000
55072
10008
54946
23934
49693
45313
58965
61576
15315
44548
30887
6628
44169
45982
51186
53820
20354
47945
60702
1283
26743
6390
18731
55025
70053
39998
29787
32182
61107
17247
22513
47620
35125
18527
45374
70147
53989
40744
28807
41474
65365
60205
43521
10991
59987
46386
48338
22643
63195
50246
53702
59808
44809
42787
34319
40406
55803
32056
14851
38478
42182
36752
67108
50597
65476
64012
59620
51453
21983
60837
49114
40731
18777
44930
63426
47551
6203
8007
50045
29140
55469
54449
23641
61055
47787
25116
60602
50250
49580
48329
65369
47530
16652
59783
46303
11133
56193
67186
58220
49188
55036
22037
54045
53507
52928
65739
34470
52183
56652
52698
39954
22299
15048
29271
12373
34025
68208
2676
57071
64063
53689
18456
41803
147
55274
14768
35284
57035
7187
56196
30681
45955
41906
23039
41505
27565
9083
15731
40002
16754
49046
51771
24487
31748
52250
55795
55736
45641
59624
16706
15778
57538
42946
37757
54044
59336
18836
9283
40446
37637
22279
55058
55054
51787
29409
57259
15328
13605
28806
6978
60246
2881
50990
15878
41363
35413
48057
40397
63493
29655
734
5681
45068
13240
30621
29320
69400
36834
48696
34395
54421
18823
56955
5326
51427
33215
59052
45249
65647
43160
30194
7947
23371
49997
35862
13139
65724
58904
21120
50588
51350
38475
13293
56105
56464
47625
14360
10357
37628
25738
54177
32931
58308
52841
19829
67876
23904
909
23643
40540
28248
18552
47174
64988
33149
23021
15624
7574
23024
7667
31264
54678
44497
28737
48047
44322
51121
16367
27711
4562
1572
5645
64747
43820
21449
14416
22113
12279
36012
32513
28707
52943
28920
31334
47619
56494
598
24201
24242
14716
43724
9982
64238
63588
48559
63284
719
45981
4286
28788
62291
12936
789
57599
49277
27448
9519
60744
41493
42598
51523
6588
67678
55415
59439
44280
6612
25919
31971
52174
50099
23610
32541
44850
61501
9979
5758
31656
44264
24200
63622
32127
37994
1936
47068
39964
16603
58035
56849
46693
18934
39768
32065
65229
50476
33093
65574
20748
47227
1472
48380
43578
49210
20099
67830
26356
56869
10936
44892
20226
5303
60701
8139
59493
43389
55133
44458
48126
43106
21509
43011
52460
44848
59508
52472
25558
51149
40978
59002
11803
35347
25549
51893
42095
44976
55948
24952
6839
10004
63630
52741
30110
23914
55596
48683
22479
45261
31630
67420
24929
2181
9139
37879
26081
34682
63126
65315
65161
46058
21360
47084
34787
67972
39983
48048
26898
36101
25264
54097
66917
65036
41039
11675
21444
52763
21560
12776
64184
38350
66466
15655
56373
45153
60232
8072
45516
61782
48442
46675
24966
50843
13540
15727
849
57284
23130
15560
49671
32383
60929
39311
26940
14965
59758
8038
33575
15996
11905
60001
45168
32206
9570
49292
39707
16213
24519
25371
6596
50628
39812
32542
26463
28602
16248
48336
63667
69162
51908
36347
38287
31129
25464
33232
66717
12673
21621
60509
24460
39710
30550
19902
2006
60501
45653
61165
58043
66904
44636
10063
42916
64576
58038
62837
2511
49291
14357
46288
48764
28381
21852
51466
25294
46007
18944
17587
12172
560
60462
5870
66860
49813
23558
46456
24375
12318
44937
65613
32172
37868
8597
57332
22241
27001
10833
53432
31652
19747
59527
64830
65818
30655
62283
25725
33126
66826
23327
30694
18826
26398
50090
24673
51109
26267
53496
43315
30913
44522
52483
42327
40308
15372
66368
9076
22974
15258
31246
23784
3708
51946
10271
32615
16433
39322
42200
50584
29554
53849
31737
66930
45634
38035
36413
49091
40273
39316
47384
31252
51392
58819
65783
40996
64360
31247
36681
23836
60113
39466
38285
44706
42720
2940
591
17410
36964
32714
26058
20818
56462
57730
18428
4997
64627
9183
49954
36723
34618
12197
8627
26431
17804
66918
908
52619
49182
29450
24724
33954
27815
48030
16863
2288
63410
21581
30343
14175
52118
5309
65459
45483
52321
29331
24452
13561
35814
61415
50507
23695
14316
37547
28618
135
11749
38649
50392
37947
22271
17371
55528
1322
12663
38623
61069
67203
49279
41185
65085
31396
25174
15610
39977
50624
27304
28006
59323
12387
53850
42870
17947
28157
50670
49245
57601
22036
49387
62029
50346
60318
45577
24424
43721
16021
38833
37323
44412
45274
54703
40055
64087
42877
36561
27714
66920
34400
57617
13272
56695
39813
39733
39996
23736
42281
329
19273
63587
48116
46560
50846
64844
25756
18504
41551
57439
18948
55951
44760
60148
39997
16174
32678
56884
7796
43825
12128
50971
64992
17690
54398
18541
25869
49126
65232
36702
69353
29324
58056
38980
52285
22644
3611
23827
82
18868
60103
41893
61098
32605
32106
40284
19295
24192
29487
66896
55500
40415
64750
43549
49659
7125
27792
65404
25340
66969
32847
53125
31357
1544
54302
67267
13269
4341
63091
60716
31538
7009
22489
32850
63436
62471
61624
65267
26044
21136
4577
54263
67117
52110
6414
47383
17566
24630
2038
43922
2035
16236
44979
65432
64665
63457
59737
40023
48703
61416
34975
31422
64362
43839
46523
64521
23870
1317
65236
47375
26204
20486
18410
63779
30599
17961
38891
46859
53011
20233
63868
59896
19679
19178
24977
5396
42262
52245
34280
63668
32108
23783
56021
20492
21681
8493
40013
25380
67041
63322
46499
12524
24597
52830
52884
32519
43523
61265
55195
41642
24459
19557
62462
19838
38134
35350
37310
43085
31429
15541
6945
58122
61533
29826
17880
20128
66190
39149
55502
42997
62863
44978
35946
50503
25811
13265
48334
30394
55082
56344
37653
46259
24093
13692
41624
61685
45629
41136
62355
33015
40728
60067
48324
50535
48080
61430
27188
23459
59150
47230
65008
59909
15653
18321
11931
33321
40110
20889
28301
18252
36124
43888
52503
59717
65250
60082
28831
31204
48936
47412
42469
25473
48018
59828
31125
43483
24942
42734
64251
43008
23490
42733
6610
15281
40381
31627
24403
16975
54316
54209
46646
48272
29235
44091
19217
25087
47564
46115
61048
45771
17165
34227
29307
26087
20961
10191
48121
17816
63983
6788
5958
43482
61354
22506
37554
36626
15743
31796
3488
33295
42001
38750
62038
37230
57896
28138
27444
36784
11149
18845
47810
63888
64549
63203
5858
8298
33365
16485
36694
31523
47944
16984
30063
49881
32499
20710
53953
60219
24583
63824
22935
24014
47689
32482
48152
62500
39720
23777
9025
64038
18358
41839
17788
41989
2487
51442
40941
37229
44332
56751
41672
23438
22409
64079
19886
16127
13070
10139
34823
65361
58655
66886
53886
44138
36022
65290
64494
50649
31639
65100
51501
14552
7349
48826
66339
52252
7687
28165
62
33804
887
29633
70227
68071
64671
58171
40311
30259
60532
26161
34341
18713
64300
12748
44345
23445
10672
46076
46717
51967
45382
33850
27262
8318
45017
42100
65430
40262
21988
68186
37300
36348
52422
30036
52372
29113
12011
40739
24204
43340
35376
9117
37433
1924
21955
22981
59502
23365
60302
52606
50374
41183
17073
52047
29065
28705
47659
45387
40180
51472
37422
29492
27385
56235
643
41395
24465
23303
60075
26123
63494
19985
32471
21562
41787
13740
3852
10114
65202
42356
24212
23563
49250
60140
33264
63323
56052
63509
32805
53012
61934
39602
33662
16126
60738
42259
21958
286
37227
23606
63147
56552
31168
2787
49791
685
38039
48342
35556
44800
46020
25362
29920
57327
50559
42253
50758
60481
22466
4781
32405
30657
19887
9436
34259
47491
24591
2546
31549
57869
38668
33596
39140
49339
47636
48029
26910
24019
34291
14964
2900
4193
26352
53910
49798
36625
65435
53955
8230
14070
216
21478
64596
27518
51185
49510
32277
26507
51077
57882
12844
70354
43790
38560
51064
40016
25080
59985
22892
37556
38674
44122
22526
44504
41044
37771
59252
62610
41431
54080
53747
65020
67721
9619
64950
39350
49639
59367
5491
2593
31114
34710
48716
47782
35606
29932
39333
54088
50199
46899
20576
16244
64463
63553
44022
31281
30865
50349
19744
48942
43547
64309
9536
55920
62632
27038
28897
29087
9984
40883
42404
35845
15817
59458
70296
65849
19058
57757
19566
7350
50077
5863
30201
49097
45171
32154
27388
29114
27887
23213
42282
64369
51568
40012
38761
50845
6352
14485
18628
41567
21049
67139
53900
38055
50818
52203
32577
41609
16461
44455
62365
32865
67966
33423
49375
53411
53569
2498
31552
7657
64535
41256
50967
36973
65440
28093
8893
23336
52303
28484
428
65230
61558
47996
60245
45415
61570
4230
36311
27910
56873
20285
34882
15286
36275
49906
63529
25086
11926
47978
4031
4207
1953
64129
31901
57443
29750
34812
13154
61919
51560
43663
52301
45858
63833
52323
45710
67466
48909
50394
12796
35441
45376
24418
35684
64896
22439
39891
66161
623
18258
48438
15652
51085
61863
36632
18474
53554
31020
27093
60478
53864
69352
57747
36288
55665
34159
19788
57047
29306
24008
53906
63558
39107
57099
3095
36300
17709
38125
44154
42821
6294
13625
2190
17589
63227
55894
62507
6033
25816
65563
62373
59728
48590
22810
56538
11898
6652
54130
4043
25222
26533
65805
61734
35544
30540
47634
53465
48580
26213
658
53570
13145
52617
5780
10595
66189
55956
49837
45488
38513
24727
19837
14952
8731
64161
55721
26021
53580
67916
64208
31228
30608
59956
27233
26458
66694
61578
36467
65277
50896
47027
25552
39075
11380
34950
55936
22893
458
62305
30555
64501
67987
40787
7841
38458
52826
30157
64280
11908
67768
20134
59963
50400
39885
11601
20659
22774
35348
36607
29122
9985
17803
43239
67725
52328
45173
70171
14098
61798
41762
69810
25523
45152
48504
24114
12557
21398
44237
31426
26532
64131
7784
64544
41945
48073
13474
39503
65987
52416
37886
27074
33298
22907
66692
45637
36328
67112
64551
55630
55351
41441
34528
21163
31465
11054
36916
62170
11751
52669
47092
45037
18075
58454
34826
59314
42347
62593
22885
20198
40661
57463
25039
41455
60206
5839
62799
25498
16710
65846
33623
59784
44784
68861
44844
35448
22537
54107
66100
64839
61527
30698
1783
55332
1081
20283
64259
9346
60011
65353
64781
50640
60292
47921
23397
55472
30374
22201
53691
49848
43257
19351
55063
52184
30662
17711
40307
45397
61353
21868
44933
16152
40124
52098
3873
29192
31731
44520
27135
17597
43589
45562
414
35072
65727
21804
54483
40581
50819
48012
41066
16495
29918
7669
63614
33005
8657
45450
38293
14432
45654
48163
29349
63326
56164
37488
25634
12022
65540
52080
9372
62262
61163
1987
43840
34647
26562
63906
32866
63372
42137
65199
54244
37919
54400
46826
42296
36687
23722
9987
13102
47621
36306
55633
52497
36577
7602
8702
7347
26432
14373
63257
30121
22498
45669
27263
50926
18335
2342
66764
53708
26100
5025
65061
57207
27367
24281
45731
4951
56028
30182
31230
52839
26292
46305
56238
38950
19393
23933
13596
62068
25632
57022
20942
65302
46836
19106
18208
18890
48899
28841
55797
59260
60438
44862
65246
20208
34876
13498
20777
2236
54195
21628
19364
48246
21672
18859
44428
8928
6182
19609
13953
10562
39397
48383
43994
27765
24990
24983
23686
19079
20264
51582
24193
56736
55166
31363
24018
49735
39893
5370
331
68190
42859
25911
26114
60134
32156
25160
24554
58935
29001
15734
59481
30954
56201
28733
36448
32279
53543
41273
29824
25443
21486
53957
41785
42776
29096
32257
23599
25159
42852
46125
26379
37659
10239
16610
25016
28911
19023
15894
5763
56601
48417
38129
9973
7201
15850
56215
22535
15077
49833
3285
65311
63403
51207
36732
68111
47722
53356
63637
31127
68077
7974
7544
25286
50988
36853
10016
6755
1082
22989
58983
45882
52921
63425
50927
28828
56256
27409
18348
33124
36421
57516
24378
60580
55046
34401
70
67049
63584
65200
26800
31185
3955
57028
55897
48560
42898
12458
31498
61296
4349
69406
51189
21653
64611
42308
65242
23314
6589
7115
64337
53929
51184
36717
25509
37534
60455
52942
17323
48429
15005
29847
48063
17734
20864
29185
22634
11937
63518
29147
44794
10935
45395
30180
42222
17154
8795
19440
415
61218
22895
38884
519
30572
13477
9258
2274
1394
50009
69240
45705
32618
62351
33199
27547
59060
13092
63268
47221
7421
66844
41996
64366
26096
59938
30773
894
59752
17887
43210
31841
67030
50375
17946
66143
25210
12339
39069
57835
38614
44924
60038
20493
5065
51191
58990
60604
27004
256
26279
24509
26503
41948
42625
31661
24598
46862
19033
14076
9458
65297
56839
51958
41073
67522
25781
11743
32548
51543
10358
13080
57484
69287
20333
57357
47600
35952
61933
69372
56935
49768
47718
50887
22549
16528
44291
19835
65370
43551
37783
13565
6371
42987
9288
18646
29175
29851
11878
4840
63455
61659
60255
20203
7417
49985
63011
40551
36707
11369
37103
36307
56811
56635
15646
60458
45853
62036
48900
24041
34373
65568
43446
55246
42438
57408
26944
51025
2518
24997
42718
25759
58560
50019
33783
62039
59249
25329
20293
48198
64200
30962
50421
46825
60586
62487
46909
52364
27793
23816
8785
33718
37340
13082
55490
31727
22061
56423
61307
31381
64266
59232
63923
27516
27048
49436
40275
62218
23555
22440
35644
62570
16777
18560
15205
53836
33604
30465
15294
40333
70369
44471
48819
10188
64021
36517
32487
53036
25111
44137
19867
36761
16160
22901
1298
31776
67151
56157
15429
66723
60407
42544
65251
23767
33937
56535
25461
60542
13817
52059
10155
42884
7042
50475
12446
46625
62210
35531
18649
9911
63439
65234
28461
31722
53144
62823
40967
69380
64726
41245
37304
16723
54922
37476
12212
62278
13921
41620
12573
33129
63966
61812
46968
1562
1592
32795
65321
43988
36507
27446
4156
51070
57781
15274
23906
28635
19037
31764
65885
48817
23014
39047
3613
12779
63551
32010
4100
62205
18094
69395
47378
11902
51599
36889
58985
52854
51081
13829
25046
57893
66572
11760
34333
43553
5129
21000
44585
38146
29055
43480
44577
12357
53224
66044
40438
61546
36779
13274
19784
5975
7789
62582
30963
17916
8058
35871
7030
27708
37698
20525
65174
40125
39084
15186
37685
57044
60215
7160
50343
30299
59066
55313
38306
49908
33446
27905
47198
51485
50785
61516
27137
35920
25749
46402
60203
37026
34967
52266
32676
46175
52092
59471
39692
34289
57588
32627
9036
41318
55677
34824
55340
17806
11661
49698
51456
32228
22880
27115
14554
17286
13318
40902
39930
39298
26829
63610
39830
16966
51311
12112
64927
38413
18429
33514
24522
65889
12198
60719
44285
22942
42020
20384
23787
47811
59283
3018
37089
60921
69088
32950
64102
63458
32227
32679
58876
57741
49422
10173
25187
40378
29124
47679
45752
29929
55550
312
65113
63827
1890
32886
58971
37614
21624
1465
64935
47531
25942
54600
28517
11538
8998
30910
52417
38831
70122
23411
20125
44386
11157
36071
1265
41243
42905
21011
39029
26060
20381
65243
36863
37325
59949
3787
23222
47900
48710
11686
1834
57550
36155
48993
21690
27164
29840
23434
18941
44381
29764
56648
43559
38588
12692
3153
60360
21559
37061
33536
66929
50114
20786
36462
41306
41322
27146
20853
19676
17635
2603
31377
58853
66753
6574
52807
35004
54361
41648
29416
61473
45698
44104
64943
31657
30087
30952
59006
32253
27523
65927
62204
17250
64456
13698
12572
42872
7001
57762
58135
35095
17819
29006
9518
47708
46071
15942
24811
50163
66200
45158
42457
52315
20488
56987
47201
70254
54201
60749
59073
49018
65680
24503
59222
22897
2537
55378
20782
54093
47187
38391
67150
28430
55745
52499
42006
13271
4244
44450
52498
19961
65479
22243
1277
21397
25254
26977
65313
51113
2177
67535
67564
65296
31714
24898
45243
57985
69752
25755
39974
6469
65209
38168
22859
49815
50091
48346
23649
8585
47334
62072
48628
66152
60042
37593
36940
2506
63595
51882
36468
31845
24118
65146
42003
47351
15151
20721
38618
31250
35798
32576
29454
8170
46939
15095
34472
28878
65320
44747
48260
28939
38484
31813
1328
65256
36118
48350
45458
32315
69228
34979
27365
53656
29679
43486
35427
13997
30347
45496
52228
58848
68837
52527
64590
55410
61965
57501
4274
70186
26674
18486
20228
51585
60936
65073
35507
58972
14202
28232
45765
40638
29797
48113
17977
49776
68352
30619
38344
46317
65673
55708
18542
20458
61130
62873
43842
17432
19743
62325
39682
53967
24581
628
29637
11062
46582
43484
66099
64948
15321
51681
38155
22698
42697
25182
65279
38351
52963
17033
68711
29125
35969
3793
37772
26265
53951
64037
57021
46400
64772
40328
29059
13388
38071
47655
54090
22044
15291
3073
39287
67133
25386
56328
55733
49389
66649
11178
57432
65225
31930
42514
42608
35743
53218
33726
14629
15051
21980
42473
22684
32588
29277
54065
34888
54085
53907
11739
10140
54652
41842
29743
48366
1897
41399
70343
63495
32509
29586
47871
40952
39141
47324
36337
6114
63427
52260
22691
15694
20983
39772
13074
30210
56557
26151
32112
53916
44445
63409
45444
33815
66195
38283
54205
37751
37543
46134
44
52735
21299
60041
43886
48792
48168
28194
31266
65996
55167
2337
45514
65883
29098
62611
30900
58678
55921
47674
45542
24447
21233
63879
41324
24099
24059
24431
35239
42119
63057
55086
19457
45890
50451
39623
26870
43548
20812
64319
26675
11731
45147
53904
58893
1066
9731
54232
61874
58409
48179
34264
61697
4109
21576
60256
58865
62485
25838
38593
69671
45915
12203
64543
45163
40478
61810
55486
60471
63867
43235
18078
6102
68306
59801
58982
69718
52298
33286
56439
50766
37553
53898
50672
32430
49208
41653
30775
58761
25202
16374
43899
45356
32015
20877
24449
56357
35259
44767
63374
35557
2815
12698
2872
57282
30146
52813
24474
22917
38025
28857
2164
27587
526
44335
43498
41427
64125
26295
59438
33366
37344
40537
44954
34404
21818
7186
64968
62179
29054
36381
64859
70355
64086
28287
70338
47991
28181
53176
7041
6157
54320
45501
52289
21272
41599
64363
52395
42377
67920
29333
28549
16584
5772
3742
61472
54473
60453
37770
52764
42445
20890
38812
56313
5428
28728
62967
23763
27573
46857
36735
59595
34617
26908
27687
59433
60620
29720
62137
32663
29850
50417
60603
24523
31684
56461
68525
59362
38643
47990
42906
66996
51526
20870
45172
66848
20918
67080
35167
48347
69890
55222
43107
50528
29184
47940
12077
28369
48225
25492
12874
37441
43243
1660
34813
50872
35199
22030
36950
48487
46762
42886
44156
33044
450
37362
52734
42564
36756
65257
65822
46696
43184
47391
65016
32214
6638
1850
27090
45228
50485
47894
39843
34212
14409
19528
7243
30618
23252
22419
7058
70346
19447
65116
49396
66208
44259
36672
45115
49793
64618
34650
31503
7883
60399
47505
43270
54779
12069
7295
6380
31262
36647
39038
53512
50977
25310
22426
16311
41050
43720
31504
62735
12000
64007
45621
57396
65218
47409
40059
42992
20835
49440
47121
37833
39842
40796
65273
50157
45427
26447
40282
42484
33133
30995
1927
62583
28365
66510
867
47049
61195
42201
30600
44099
30850
67475
64104
62553
35374
27240
14676
11750
51772
26896
34927
40332
54512
47794
25968
31037
38887
17998
27664
43299
50764
1218
42432
6217
42995
6357
48767
53830
35700
45619
51164
30302
58690
7110
40719
59797
47599
27856
29120
6424
63763
1735
56477
39303
8466
49917
48646
14471
10463
28846
66992
57973
49076
44617
9733
60760
29294
37810
6577
47053
311
24521
69717
1669
16715
17592
34575
22704
15003
59545
14492
3070
25534
41461
41661
27785
17888
32483
27987
22334
21610
24356
52314
55868
33712
30448
61859
58860
64019
56686
47065
12251
32665
43087
58228
65619
26391
26799
30236
43155
70344
67954
62607
60693
28771
9213
14347
53885
32332
42527
27526
47370
31900
40492
43912
59098
62237
50497
46756
16600
60097
33913
59237
8840
25456
21437
62869
13666
59183
60028
14394
43051
52093
223
39315
52502
1303
21623
66562
26889
62281
37701
66964
48027
17438
56120
65628
55621
52397
36429
24721
49679
39589
30604
61452
18341
64205
52959
2698
29979
42387
30968
22956
1621
59425
50898
5840
64811
21362
3859
59866
26188
33150
20605
44480
3994
48239
45693
24055
55716
18756
52565
42344
34257
65263
57495
49716
5363
4312
44400
19180
43785
9301
50308
34581
49470
9735
52283
63339
26419
25633
47680
36052
7775
5525
33016
14578
13156
707
38371
32098
40742
32102
29010
31649
39130
8571
55285
11394
46806
43312
67205
25555
22678
19367
36627
57517
24678
60312
63709
63942
10503
62168
33506
14611
69823
34445
13475
20765
63497
68040
34100
58885
49544
36683
28224
57827
28962
19802
33669
54371
2120
52590
853
55381
9157
33724
13018
18136
58320
35469
2153
41160
22920
66102
47971
46003
19222
69135
37935
49564
25615
8544
36902
65708
22947
53732
22514
64729
15587
6882
57213
32971
530
52536
34213
36914
65946
37916
28555
26288
31617
48402
874
37917
3782
25045
148
66085
49550
7285
60102
30519
64704
65160
25648
69753
24508
27130
33953
32238
25218
35189
44684
20428
29924
4330
50923
29148
61020
55095
32371
18073
67963
22775
7905
26351
48593
21848
63954
61717
27704
48701
34645
33795
35330
47688
1928
28992
3962
45143
20153
60250
52494
45118
14375
56588
27201
30174
25427
56919
24365
45727
62217
61476
54227
38591
5964
7400
20544
46188
17218
47853
22384
29105
47998
33499
23530
42696
64122
10683
20141
60695
61872
52509
59176
1296
59110
43953
44446
50746
45965
39721
57208
25967
35643
9986
20114
31956
64874
34453
23324
34557
8239
49119
6451
47627
33378
32952
33736
53802
24273
22257
49713
41843
34258
67890
30360
17144
26127
22992
21109
36222
24382
16191
35642
45230
57342
11448
63915
6110
31350
44206
53666
32014
33290
37812
38752
41926
25171
53693
39882
19354
59937
32049
18753
36196
18790
17496
63001
49994
43072
23042
53888
25894
261
63481
25119
32502
23427
65111
33097
51394
48471
41664
29419
2670
49606
59142
20546
59829
27276
44632
16249
64924
54806
25948
67236
65542
25683
31225
13329
27103
35291
23054
26130
63635
64815
29584
9298
30271
57996
45094
20929
22977
29339
35082
41041
64167
30940
62724
59353
16253
64158
61389
44064
20388
5328
23618
52504
33523
13266
64022
50969
7184
54248
22852
43282
42338
21613
2205
31149
17842
32595
21885
11496
37819
29084
40365
42561
65220
13676
51660
29895
27473
2484
56483
48178
45246
57401
29742
50296
9312
56038
32943
22034
57551
56563
5320
38564
59289
61760
34322
59215
669
68147
18503
33091
64689
24617
29187
20338
18718
49694
66868
19740
61907
35398
33502
12464
64099
25396
64311
24978
23362
29602
53274
1755
38197
63423
26568
30462
48805
42315
65428
34976
63597
51098
6835
25664
38090
65210
22188
18425
13091
32894
4704
47675
60180
24928
65414
32776
45888
44265
48650
20613
26981
54665
53889
29801
65355
31089
62791
2494
61972
18720
34492
55000
62904
45086
28193
29094
14632
47701
23461
13170
7197
61116
56116
30379
68349
50582
70347
29909
63996
33619
6651
160
10245
20957
69423
8894
10274
52650
48164
20573
55779
45595
2575
66972
45576
49960
14194
32331
9426
31139
45570
34040
1607
42774
24079
14364
11377
60344
70251
39505
48889
44330
36839
27049
43619
46952
65963
31835
32587
14299
61537
39006
30888
37419
21813
43729
6055
49896
16838
65170
16182
52496
2535
24409
47450
70308
6766
59976
68397
10036
22590
45345
9286
30883
49131
26565
39491
32292
54425
25060
50517
59516
31995
63900
49324
48327
6060
25521
28227
24117
20981
65248
22811
45632
52595
61813
35258
12348
40463
64782
36138
69036
47942
36860
11554
27697
29123
60865
42075
11944
50537
32655
7202
25025
35379
4822
46972
37779
61332
14329
9638
38027
44912
42382
42653
48596
46709
37839
24160
62562
38581
28534
60138
56450
13414
7312
48871
40906
2757
63586
60881
51216
26658
56433
60019
36003
34588
59136
15470
56147
39264
28273
17775
15270
9131
41342
44274
28111
41511
64564
31206
19892
11156
28832
37861
46884
17649
35584
5242
31576
8902
13603
48594
63866
12354
47707
64492
25924
15083
50151
55062
51621
26679
54437
9211
37184
2740
31751
55660
3506
54807
50176
27759
29169
3805
54771
7051
44342
38587
63082
23541
13043
12747
45790
35023
5357
28614
55475
66054
43390
34646
26706
18448
44187
16829
14498
4414
57076
62494
36594
47506
23124
31801
66246
23307
52591
22408
15987
8662
10095
50970
40607
40545
47228
25130
14947
23872
57854
36366
53892
48035
40004
65405
7712
64455
47416
55084
12558
53332
19526
35186
24661
43605
24669
46279
27651
61019
34203
22570
51415
46002
43249
15995
56134
43309
43852
28260
32968
22740
25112
17429
32101
28984
22909
49095
29316
23638
47735
35758
21313
41651
36750
70352
24601
62410
43259
66453
25249
21431
63904
64121
59266
16291
346
33744
48916
6650
35853
38964
35062
29347
19311
46910
5285
64236
691
43425
43139
38979
19780
1289
66158
48348
63946
64235
48576
34483
21657
23556
46304
11980
36649
38435
62984
69408
11729
64525
28112
67823
32916
24576
54161
47057
53551
69592
27840
20974
62910
33971
63401
63989
65859
65481
59998
50897
48636
65655
42509
32933
25930
40962
64694
61000
34490
55820
45541
11279
7773
52526
26701
20332
37871
31873
63162
24329
47684
9626
28023
26133
9977
24288
50866
64185
18038
10151
46580
27935
47681
64588
47658
31647
14173
41496
24800
64660
59364
35360
58681
53127
25385
58672
52831
22103
60839
55965
63394
21384
48216
33733
66919
62601
25048
48835
41849
38916
18919
7379
37887
7584
53047
25140
41002
63647
48581
48928
45784
17270
19772
20761
9401
46647
24047
7595
68518
20091
43385
62759
41291
56639
9627
2238
20723
61214
64622
13835
31502
36767
45452
47569
12534
32563
41184
69446
18999
11882
46807
37761
33898
24429
66193
52712
36465
23366
40367
28543
42952
62478
57895
18350
520
29828
65714
62470
23368
34962
36810
42399
39175
6268
65235
64487
66122
62623
5123
29099
142
57773
47993
54451
63482
62626
44729
44309
24240
17086
65373
29875
32003
31268
54948
30039
47749
21021
26872
69201
28566
45589
34731
51437
12495
23797
37828
32060
16985
44893
49585
49445
15174
66477
48858
59340
66008
45069
23056
6029
24450
57269
31417
31005
59822
52073
51114
42815
59081
34741
45717
21009
53425
22966
22742
70359
23212
8972
649
17338
65692
23647
36177
44820
26180
53800
61591
36871
18910
25991
51637
6130
63315
38561
47949
14285
29727
36257
1601
59500
10933
47549
44103
42826
13291
59839
60559
56933
32774
45732
24427
51055
55197
44973
60230
48197
38480
37878
43428
44302
35486
31592
26490
47291
6204
16424
53574
57194
12314
51448
12096
26986
69771
61748
49574
46868
60826
40995
50920
39003
22142
60417
64237
69508
57960
1729
62486
40573
32579
58874
36677
63433
43555
45067
37869
63608
17925
11746
60548
47986
23005
56029
68410
11289
46472
63758
34113
50682
63363
18306
54015
69728
45229
54106
59680
50364
47783
44725
24415
44149
52992
62968
36837
35867
28609
26619
67696
3659
33833
7246
19185
35310
49043
4900
37133
57881
51051
33735
26780
61581
50692
56913
25641
23657
55268
22189
55591
31709
35833
7122
9668
36400
30419
7995
62496
42756
17545
27019
11236
41292
66565
61225
25069
6304
19719
14909
45388
4576
995
63887
45298
37758
60566
44351
62083
57461
2814
7319
32298
50570
49797
60027
42600
61557
58082
57605
47719
49464
6969
56703
45877
41109
1567
31509
44457
32345
37592
55077
18238
7032
746
11414
48535
65327
40476
27706
14732
50315
40953
38278
32286
54920
3701
59943
49950
20866
360
59930
67598
56293
28317
2721
1499
39331
43059
56303
33562
35731
24586
57570
46484
8061
25295
20404
29212
38080
29876
63914
48409
57732
53845
64974
28229
59494
62913
22006
6185
18420
50137
31053
65892
32810
33679
38304
66875
51124
13992
53947
51589
31075
50950
51135
35107
56244
36722
68158
64941
1665
29971
67818
64277
37327
35454
60425
51997
55655
56632
55822
40158
19586
9846
34940
6785
70158
54698
35539
48319
61820
27355
20679
25616
24814
30456
49233
10195
64625
64484
51197
27818
25236
5680
17618
25341
45214
54002
38305
17838
35370
15691
51351
62336
20836
39957
18804
55252
48053
50644
48778
31850
3443
15080
47273
66236
59488
23250
10391
60167
39845
10276
36358
26530
65347
49946
22499
20165
33617
62805
57819
33628
28443
52758
25312
26266
12326
69764
24720
45018
28416
2903
16630
53147
38142
67118
37188
48422
31811
29730
22639
46986
18783
18197
64461
41116
28636
27322
12008
7023
47398
60403
49113
3180
26599
54496
53901
12080
49717
48891
26715
14213
36145
8768
4191
23660
32387
13404
23646
18684
45592
50105
22958
51100
48418
66131
31310
49117
56939
30776
27996
69031
24187
21888
36862
54052
48690
14036
47357
45747
13597
16716
59013
33987
16409
58847
44858
53521
26721
60515
25720
46103
20552
6784
67783
48758
64989
62817
6187
49692
26844
46047
42086
45989
65336
42575
35094
34644
18581
61210
52313
33710
43772
47664
51167
56119
35748
51467
7815
59345
29654
10118
64476
64177
65962
54184
28834
3124
37125
26547
25157
67206
65539
65270
29412
19022
60653
25079
61976
4804
52359
67547
58050
45399
43568
57662
66509
58890
56391
23508
67508
4419
59556
49483
61466
35767
29246
24733
23323
62404
65094
21730
19979
26057
50359
30849
35639
51057
29330
46981
23493
64740
61589
44734
30551
1878
41480
31277
30768
33653
31128
57598
54949
9487
41112
20967
63787
43384
36582
29269
64991
57411
25421
62332
29391
31646
18407
42441
35880
63186
10156
55946
36093
54712
45405
61621
38788
34603
17404
15531
50715
26888
63116
45325
22031
10119
65319
22551
25709
36622
12700
43463
54651
13656
25378
54639
41510
47408
55467
49271
69939
64926
19814
49253
56502
61079
56749
42439
1637
50516
38842
17660
65483
16099
55212
11425
37895
24363
61467
37766
24020
63663
57325
45467
38135
26591
12955
62451
20768
23481
33144
35630
63192
63563
31219
63631
12838
9603
29194
61311
11911
614
63311
69039
25902
54907
32690
8903
45662
45655
20327
54247
40435
36461
23412
61076
60404
70132
62575
64888
61689
43976
42169
52136
37577
43808
36910
25863
20202
41328
63218
42286
39928
31380
58641
65378
35174
26570
41549
32426
67091
66237
52713
8092
5359
34038
31378
1817
38978
1474
47574
17537
45401
36611
49696
44161
13354
14296
26291
63669
35064
63496
26855
65667
55370
20321
62349
64055
35325
12173
6476
42465
38859
45567
37159
60021
7331
10331
39076
30518
48343
52798
33457
22491
31416
20071
9278
4228
62899
3096
29818
18533
48236
33535
51895
57720
43522
33492
9980
4466
32423
40987
54160
43292
317
47875
64041
57858
60287
46233
57459
17285
30306
8751
14430
26828
28734
25761
538
50955
20207
13408
65381
59180
62547
50933
25108
47482
64098
48166
37371
33337
24410
44611
20564
4190
26009
5171
48707
45380
36867
27132
8495
56124
52686
47366
45315
4701
15880
6492
12179
41304
54611
48492
64666
60056
49111
48659
22059
22766
48359
61743
40586
30836
62395
31356
63599
60927
67829
38487
32397
18882
59383
48728
34365
8977
5177
6586
50360
13627
56026
65410
15252
41872
13834
10144
69236
43868
63672
26745
52121
44863
36840
63642
45377
36664
28570
12853
31979
20163
38669
15508
1542
25479
50646
27860
26090
28063
64632
52984
59696
31411
31227
9930
68571
65238
36317
4587
65731
19356
56797
58912
29673
59882
11804
42845
24355
45414
51594
23045
11590
30527
23786
38929
17072
29878
22842
44143
57848
48731
403
45574
61506
18104
14348
38312
43762
25354
20456
52019
195
28288
32964
23329
24675
23450
40249
20787
49134
1851
17980
56137
48037
38693
57353
55783
44016
6056
67568
22181
33935
51409
23484
27378
31260
55021
64716
36411
57687
49543
31905
28281
8138
63971
61359
39966
41601
21022
6647
11542
44529
30814
62028
56068
62550
44171
28576
30685
33689
62592
42096
62259
47511
9123
23567
62235
43975
39465
16724
41556
46866
40642
31802
23312
68912
24614
64737
9240
37233
50218
27694
59612
56882
50959
64906
13966
64202
53257
39548
21160
38570
26343
20674
49673
26128
16537
20124
33590
12551
65166
57569
39794
34214
36032
62455
65175
34949
19623
5797
32137
24320
48912
37551
65734
26074
11479
70307
641
50714
50841
1869
25423
23422
49504
23117
42528
61301
28639
57193
8302
63273
65937
48086
33116
17851
10353
42285
24973
12057
54087
17289
45225
32134
19938
37550
43924
70364
68005
65526
15601
58880
47994
270
60549
67225
1602
41325
56951
32693
54359
37580
45690
66519
29011
15195
27718
33373
61164
60641
65118
33741
164
8059
40138
32149
27889
62412
21764
63210
15695
70117
60955
897
45461
44762
56409
62578
29042
49695
26654
54873
18952
53861
40247
6012
23227
50316
48261
9773
25716
41155
16552
32288
18837
17399
13314
55973
63680
23103
59768
27652
46117
54108
24319
45938
59760
53099
18535
18195
53057
52299
31782
20943
15548
25798
27003
30692
62854
23201
14165
18534
58524
21957
69396
37775
43219
49322
58759
26452
64256
44904
64903
55657
48098
47737
40320
22933
21768
52016
45772
17444
32197
26878
36133
27362
40824
22743
13429
51358
62995
69503
55582
64101
65757
56390
52227
48760
69867
35432
2046
69795
22194
26305
3120
40340
52870
31479
57480
19543
3819
23182
31816
35745
53041
61583
21772
19427
9864
65214
41801
53835
41207
47668
43664
15629
38837
34338
48322
2685
23097
1703
34244
39308
41000
28764
13358
67870
51993
44365
26677
4861
47438
2672
22417
58466
56740
24887
57916
64758
61016
63565
49555
54874
30445
24305
19214
58939
18530
27576
65933
51972
70258
28475
69255
33360
22769
21475
5490
39460
15950
62745
56800
24183
63161
21125
44426
33530
61806
58105
26235
56617
63125
56554
50773
59086
60708
3295
59017
40510
60919
61873
47928
23155
67175
43444
25197
10104
33909
42512
5991
31562
19741
3231
34131
59212
67979
52853
35515
58839
30602
45568
47263
3950
53414
39306
47771
5115
64567
11928
1872
16274
55970
22602
65583
33158
3323
34753
32959
35100
64416
1671
49022
15709
9457
65260
48033
4524
35944
22148
47984
22925
47831
45792
33591
48697
10026
54157
1559
60314
49474
41508
14000
53044
56216
54376
25165
37669
55309
64467
65000
25812
49913
33516
25985
39052
38326
53244
49902
27787
44651
23532
17117
12669
65496
43240
8462
41294
14171
24149
726
49867
69544
61926
2491
23291
63798
64658
22685
58680
64347
8891
62585
20074
10746
42878
16245
18356
25710
39691
65756
50964
32449
21930
25164
60370
56080
48408
26925
24417
13198
36597
19800
52635
63430
29848
52582
44209
19338
15198
65259
61605
70302
30895
65643
41089
37397
44555
5965
24000
59047
10633
49133
54233
24796
6384
55697
65429
63508
36609
53680
56945
15789
65282
37822
23835
33308
39506
32621
5019
67345
65163
41451
52804
23109
16490
1540
54121
32296
48326
65793
31634
18074
66603
44626
54436
18658
8177
49974
15849
17943
25665
60727
50219
43377
40041
47344
22267
22052
24404
47723
23676
33188
12367
3937
33525
27438
23127
38853
38388
30934
62484
14834
62452
59851
47763
27110
22550
13610
17850
59310
33348
22278
22108
42841
59701
13076
45391
4155
13544
39976
45811
65533
29370
65550
63240
63919
37802
24010
40723
53576
20804
65760
23940
56651
56019
27530
13200
42112
61897
49383
23789
61471
23402
10906
1826
28773
6379
70198
49856
22784
18088
55903
48747
48782
55709
10218
61759
26793
38093
32128
12594
24334
26258
52005
27479
45864
10273
61714
31703
20979
43654
49951
61885
21731
21578
26427
35279
59755
54810
5170
3329
63773
42855
64454
26315
66947
55428
18555
1456
48777
24660
15464
9548
63575
47222
31867
64727
24448
49529
46087
29947
66687
49759
62460
64548
42619
61836
29135
46345
43226
3234
24257
37561
29254
4467
44481
15679
23889
8644
38377
29799
13273
28896
25388
2004
40971
21771
49083
41479
32885
52924
47760
41327
39810
60093
56211
43759
53927
16097
51411
19438
50295
10378
25243
8125
42991
22323
32138
11624
31205
45043
53399
55969
61481
50852
23120
61736
10977
63507
45188
36386
28246
30848
7385
57505
25184
64987
18487
18278
1160
62857
25884
35915
33066
33501
59825
55238
27520
9243
1998
62183
22891
66390
2973
49284
44464
64307
16516
13655
5842
27325
15715
45099
31265
9871
44083
3069
17872
52860
2866
33172
63452
31572
38984
38850
64201
49843
24626
46135
34217
68416
16426
37941
51146
46963
51804
29990
26394
26863
27806
66332
35209
22460
34585
59397
7000
59272
53237
20622
12584
47582
57552
55107
60939
13999
22689
31085
31461
65007
21832
60459
46741
33878
61118
43030
47083
36174
32306
18808
19240
47473
64609
66082
63149
56051
24921
23890
59548
49575
43653
42299
21176
472
65773
39743
9531
65372
2210
19950
22683
62233
13402
11356
52716
20757
23557
50260
11308
2365
31690
39248
20059
4034
64164
2762
62580
58653
61369
45987
63414
49137
64223
41957
56322
29981
13965
7053
29588
25361
67461
39985
28872
12714
30774
10651
60872
279
60066
44089
59145
65522
28941
44482
40433
67654
33369
42736
65935
60786
32970
62231
23552
2755
60251
25512
50989
38549
67291
48497
61575
49330
52976
13667
31973
39152
44303
40765
59511
55758
52396
41171
70295
27489
46901
52753
42702
64595
32418
22144
61876
11247
8788
59663
38800
27113
3607
65989
59645
40511
23068
18757
47272
20845
54872
39716
67124
27398
42887
3601
62393
25779
206
22540
18639
42227
39621
9785
33797
20713
22007
2258
28976
53321
48720
49508
21806
63052
49887
19678
18773
59865
47788
21805
61272
39071
1099
67949
64814
21845
24988
49461
55247
49685
65707
40359
27861
69587
59079
31892
56534
47250
64630
51574
38310
37768
32146
7292
60713
22840
28218
66132
29196
32612
45317
65082
48400
24951
23873
38579
24923
36917
10692
45117
27764
14455
18740
52806
65360
5531
40429
33322
49272
64971
32205
33696
60709
43585
56865
41051
20886
8799
68198
47063
49690
61881
43126
67872
64708
41407
52577
40694
26126
56952
44935
19113
19069
31032
41083
43086
925
16862
56835
64036
17376
59444
5737
37631
22116
28914
38739
46083
42519
55211
61085
6085
18523
23191
38369
40904
46145
44025
41053
9831
24618
19681
61658
10509
59357
49127
13390
65572
44470
29188
24359
40163
13922
60380
24652
66842
8542
38150
6879
40667
22412
20603
63794
50719
29675
23582
66895
70125
47772
15213
24965
38786
3156
36401
37596
47892
19018
70167
56121
34963
45545
18915
63556
59214
43294
62793
36841
25932
43639
25796
60943
55694
15118
11712
37204
34263
14915
47623
18549
11013
6571
47380
30274
62495
10866
42433
57045
15425
39494
55561
60166
61289
22162
17923
2598
51440
18248
49384
26404
59337
45897
6845
48849
50947
37790
41907
22883
57556
59421
36800
22803
272
32763
5915
44776
60020
22097
37149
42455
40354
21184
61660
55453
12025
46126
1837
32905
